                 -3.09028196334838867000
                 -2.87820363044738769000
                 -2.74781847000122070000
                 -2.65210461616516113000
                 -2.57586407661437988000
                 -2.51217722892761230000
                 -2.45729756355285645000
                 -2.40894770622253418000
                 -2.36564874649047852000
                 -2.32637977600097656000
                 -2.29040217399597168000
                 -2.25716543197631836000
                 -2.22624731063842773000
                 -2.19731736183166504000
                 -2.17012023925781250000
                 -2.14444231986999512000
                 -2.12010908126831055000
                 -2.09696245193481445000
                 -2.07488965988159180000
                 -2.05378627777099609000
                 -2.03354907035827637000
                 -2.01412582397460937000
                 -1.99542284011840820000
                 -1.97740817070007324000
                 -1.96000039577484131000
                 -1.94316816329956055000
                 -1.92687010765075684000
                 -1.91106951236724853000
                 -1.89573311805725098000
                 -1.88083148002624512000
                 -1.86633789539337158000
                 -1.85220682621002197000
                 -1.83845531940460205000
                 -1.82504498958587646000
                 -1.81193578243255615000
                 -1.79914999008178711000
                 -1.78665530681610107000
                 -1.77441012859344482000
                 -1.76244938373565674000
                 -1.75071287155151367000
                 -1.73923659324645996000
                 -1.72796130180358887000
                 -1.71692728996276855000
                 -1.70607244968414307000
                 -1.69544458389282227000
                 -1.68497395515441895000
                 -1.67468845844268799000
                 -1.66460382938385010000
                 -1.65465724468231201000
                 -1.64487457275390625000
                 -1.63527321815490723000
                 -1.62579166889190674000
                 -1.61645674705505371000
                 -1.60728919506072998000
                 -1.59822309017181396000
                 -1.58928942680358887000
                 -1.58051490783691406000
                 -1.57182216644287109000
                 -1.56324946880340576000
                 -1.55479240417480469000
                 -1.54647946357727051000
                 -1.53823292255401611000
                 -1.53009259700775146000
                 -1.52205443382263184000
                 -1.51415252685546875000
                 -1.50629913806915283000
                 -1.49854040145874023000
                 -1.49087321758270264000
                 -1.48329436779022217000
                 -1.47583842277526855000
                 -1.46841847896575928000
                 -1.46108138561248779000
                 -1.45382440090179443000
                 -1.44664490222930908000
                 -1.43958318233489990000
                 -1.43254017829895019000
                 -1.42557072639465332000
                 -1.41867244243621826000
                 -1.41184318065643311000
                 -1.40508055686950684000
                 -1.39842486381530762000
                 -1.39177727699279785000
                 -1.38519442081451416000
                 -1.37867391109466553000
                 -1.37221372127532959000
                 -1.36581182479858398000
                 -1.35951364040374756000
                 -1.35320687294006348000
                 -1.34695875644683838000
                 -1.34076678752899170000
                 -1.33462870121002197000
                 -1.32854247093200684000
                 -1.32255721092224121000
                 -1.31654298305511475000
                 -1.31058728694915771000
                 -1.30468595027923584000
                 -1.29883551597595215000
                 -1.29299652576446533000
                 -1.28727269172668457000
                 -1.28155410289764404000
                 -1.27587640285491943000
                 -1.27023923397064209000
                 -1.26464211940765381000
                 -1.25908434391021729000
                 -1.25356554985046387000
                 -1.24807572364807129000
                 -1.24264144897460937000
                 -1.23723483085632324000
                 -1.23186409473419189000
                 -1.22652852535247803000
                 -1.22122788429260254000
                 -1.21596097946166992000
                 -1.21072769165039062000
                 -1.20552730560302734000
                 -1.20035922527313232000
                 -1.19522309303283691000
                 -1.19011819362640381000
                 -1.18504416942596436000
                 -1.18005669116973877000
                 -1.17502450942993164000
                 -1.17002499103546143000
                 -1.16505813598632812000
                 -1.16012358665466309000
                 -1.15522098541259766000
                 -1.15034949779510498000
                 -1.14550840854644775000
                 -1.14069569110870361000
                 -1.13591063022613525000
                 -1.13115191459655762000
                 -1.12641859054565430000
                 -1.12171018123626709000
                 -1.11702573299407959000
                 -1.11236476898193359000
                 -1.10772705078125000000
                 -1.10311198234558105000
                 -1.09851920604705811000
                 -1.09394836425781250000
                 -1.08939945697784424000
                 -1.08487212657928467000
                 -1.08036601543426514000
                 -1.07588136196136475000
                 -1.07141768932342529000
                 -1.06697463989257812000
                 -1.06255245208740234000
                 -1.05815076828002930000
                 -1.05376958847045898000
                 -1.04940843582153320000
                 -1.04506754875183105000
                 -1.04074621200561523000
                 -1.03644466400146484000
                 -1.03216254711151123000
                 -1.02789950370788574000
                 -1.02365541458129883000
                 -1.01943004131317139000
                 -1.01522338390350342000
                 -1.01103484630584717000
                 -1.00686419010162354000
                 -1.00276851654052734000
                 -0.99859625101089477500
                 -0.99445945024490356400
                 -0.99035775661468505900
                 -0.98628973960876464800
                 -0.98225241899490356400
                 -0.97815042734146118200
                 -0.97411501407623291000
                 -0.97009575366973876900
                 -0.96609252691268920900
                 -0.96210509538650512700
                 -0.95813328027725219700
                 -0.95417690277099609400
                 -0.95023566484451293900
                 -0.94630950689315795900
                 -0.94239801168441772500
                 -0.93850100040435791000
                 -0.93461847305297851600
                 -0.93074995279312133800
                 -0.92689520120620727500
                 -0.92305415868759155300
                 -0.91922664642333984400
                 -0.91541242599487304700
                 -0.91161119937896728500
                 -0.90782296657562255900
                 -0.90404754877090454100
                 -0.90028446912765502900
                 -0.89653390645980835000
                 -0.89279580116271972700
                 -0.88906955718994140600
                 -0.88535547256469726600
                 -0.88165318965911865200
                 -0.87796264886856079100
                 -0.87428349256515502900
                 -0.87061595916748046900
                 -0.86695981025695800800
                 -0.86331486701965332000
                 -0.85968118906021118200
                 -0.85605835914611816400
                 -0.85244661569595336900
                 -0.84884583950042724600
                 -0.84525555372238159200
                 -0.84167611598968505900
                 -0.83810728788375854500
                 -0.83454889059066772500
                 -0.83100098371505737300
                 -0.82746338844299316400
                 -0.82393592596054077100
                 -0.82041889429092407200
                 -0.81691175699234008800
                 -0.81341463327407836900
                 -0.80992752313613891600
                 -0.80645012855529785200
                 -0.80298280715942382800
                 -0.79952490329742431600
                 -0.79607671499252319300
                 -0.79263794422149658200
                 -0.78920871019363403300
                 -0.78578877449035644500
                 -0.78237813711166381800
                 -0.77897667884826660200
                 -0.77558445930480957000
                 -0.77220112085342407200
                 -0.76882684230804443400
                 -0.76546132564544677700
                 -0.76210469007492065400
                 -0.75875663757324218700
                 -0.75541722774505615200
                 -0.75208646059036254900
                 -0.74876397848129272500
                 -0.74551343917846679700
                 -0.74219465255737304700
                 -0.73888552188873291000
                 -0.73558640480041503900
                 -0.73229664564132690400
                 -0.72901648283004760700
                 -0.72574555873870849600
                 -0.72248375415802001900
                 -0.71923059225082397500
                 -0.71598619222640991200
                 -0.71274989843368530300
                 -0.70955568552017211900
                 -0.70630365610122680700
                 -0.70309466123580932600
                 -0.69992721080780029300
                 -0.69668412208557128900
                 -0.69349384307861328100
                 -0.69031137228012085000
                 -0.68713670969009399400
                 -0.68396991491317749000
                 -0.68081134557723999000
                 -0.67766076326370239300
                 -0.67451822757720947300
                 -0.67138361930847168000
                 -0.66825681924819946300
                 -0.66513836383819580100
                 -0.66202741861343383800
                 -0.65883928537368774400
                 -0.65572899580001831000
                 -0.65262502431869506800
                 -0.64952754974365234400
                 -0.64643657207489013700
                 -0.64335155487060546900
                 -0.64027279615402221700
                 -0.63720035552978515600
                 -0.63413381576538085900
                 -0.63107347488403320300
                 -0.62801927328109741200
                 -0.62497067451477050800
                 -0.62192803621292114300
                 -0.61889123916625976600
                 -0.61586040258407592800
                 -0.61283510923385620100
                 -0.60981547832489013700
                 -0.60680133104324340800
                 -0.60379278659820556600
                 -0.60078996419906616200
                 -0.59779226779937744100
                 -0.59480017423629760700
                 -0.59181314706802368200
                 -0.58883166313171386700
                 -0.58585524559020996100
                 -0.58288413286209106400
                 -0.57991808652877807600
                 -0.57695698738098144500
                 -0.57400089502334594700
                 -0.57104980945587158200
                 -0.56810361146926879900
                 -0.56516242027282714800
                 -0.56222599744796752900
                 -0.55929416418075561500
                 -0.55636727809906005900
                 -0.55344492197036743200
                 -0.55052739381790161100
                 -0.54761421680450439500
                 -0.54470568895339965800
                 -0.54180175065994262700
                 -0.53890234231948852500
                 -0.53600710630416870100
                 -0.53311657905578613300
                 -0.53023004531860351600
                 -0.52734798192977905300
                 -0.52447026968002319300
                 -0.52159655094146728500
                 -0.51872736215591430700
                 -0.51586204767227172800
                 -0.51300108432769775400
                 -0.51014411449432373000
                 -0.50729119777679443400
                 -0.50444233417510986300
                 -0.50159746408462524400
                 -0.49875646829605102500
                 -0.49591961503028869600
                 -0.49308648705482482900
                 -0.49025726318359375000
                 -0.48743194341659545900
                 -0.48461043834686279300
                 -0.48179253935813903800
                 -0.47897851467132568400
                 -0.47616830468177795400
                 -0.47336161136627197300
                 -0.47055882215499877900
                 -0.46775949001312255900
                 -0.46496376395225524900
                 -0.46217164397239685100
                 -0.45938313007354736300
                 -0.45659813284873962400
                 -0.45381665229797363300
                 -0.45103868842124939000
                 -0.44826418161392211900
                 -0.44549292325973510700
                 -0.44272533059120178200
                 -0.43996086716651916500
                 -0.43719992041587829600
                 -0.43444216251373291000
                 -0.43168783187866210900
                 -0.42893663048744201700
                 -0.42618885636329650900
                 -0.42344403266906738300
                 -0.42070281505584716800
                 -0.41796433925628662100
                 -0.41522920131683349600
                 -0.41249728202819824200
                 -0.40976828336715698200
                 -0.40704232454299926800
                 -0.40431964397430419900
                 -0.40159967541694641100
                 -0.39888280630111694300
                 -0.39616897702217102000
                 -0.39345809817314147900
                 -0.39075016975402832000
                 -0.38804498314857482900
                 -0.38534289598464965800
                 -0.38264325261116027800
                 -0.37994685769081115700
                 -0.37725302577018737800
                 -0.37456190586090087900
                 -0.37187370657920837400
                 -0.36918810009956359900
                 -0.36650514602661132800
                 -0.36382517218589782700
                 -0.36114755272865295400
                 -0.35847252607345581000
                 -0.35580009222030639600
                 -0.35313034057617187500
                 -0.35046312212944030800
                 -0.34779855608940124500
                 -0.34513622522354126000
                 -0.34247648715972900400
                 -0.33981928229331970200
                 -0.33716416358947753900
                 -0.33451196551322937000
                 -0.33186185359954834000
                 -0.32921391725540161100
                 -0.32656860351562500000
                 -0.32392552495002746600
                 -0.32128468155860900900
                 -0.31864601373672485300
                 -0.31610020995140075700
                 -0.31346032023429870600
                 -0.31082296371459960900
                 -0.30818790197372436500
                 -0.30555513501167297400
                 -0.30292493104934692400
                 -0.30029699206352233900
                 -0.29767131805419921900
                 -0.29504823684692382800
                 -0.29242697358131408700
                 -0.28980824351310730000
                 -0.28719162940979003900
                 -0.28457722067832946800
                 -0.28196474909782409700
                 -0.27935466170310974100
                 -0.27674657106399536100
                 -0.27414053678512573200
                 -0.27153652906417846700
                 -0.26893445849418640100
                 -0.26633441448211669900
                 -0.26373630762100219700
                 -0.26114028692245483400
                 -0.25854584574699401900
                 -0.25595349073410034200
                 -0.25336283445358276400
                 -0.25077417492866516100
                 -0.24818721413612365700
                 -0.24560205638408660900
                 -0.24301858246326446500
                 -0.24043667316436767600
                 -0.23785676062107086200
                 -0.23527818918228149400
                 -0.23270139098167419400
                 -0.23012620210647583000
                 -0.22755241394042968700
                 -0.22498045861721038800
                 -0.22241003811359405500
                 -0.21984106302261352500
                 -0.21727338433265686000
                 -0.21470738947391510000
                 -0.21214272081851959200
                 -0.20957976579666137700
                 -0.20701780915260314900
                 -0.20445752143859863300
                 -0.20189854502677917500
                 -0.19944611191749572800
                 -0.19687613844871521000
                 -0.19430887699127197300
                 -0.19174368679523468000
                 -0.18918085098266601600
                 -0.18662001192569732700
                 -0.18406137824058532700
                 -0.18150466680526733400
                 -0.17895004153251647900
                 -0.17639712989330291700
                 -0.17384620010852813700
                 -0.17129695415496826200
                 -0.16874942183494567900
                 -0.16620366275310516400
                 -0.16365917026996612500
                 -0.16111639142036438000
                 -0.15857513248920440700
                 -0.15603536367416381800
                 -0.15349678695201873800
                 -0.15095971524715423600
                 -0.14842367172241210900
                 -0.14588904380798339800
                 -0.14335550367832183800
                 -0.14082323014736175500
                 -0.13829186558723449700
                 -0.13576169312000274700
                 -0.13323245942592620800
                 -0.13070420920848846400
                 -0.12817716598510742200
                 -0.12565065920352935800
                 -0.12312527000904083300
                 -0.12060073763132095300
                 -0.11807682365179061900
                 -0.11555372923612594600
                 -0.11303155124187469500
                 -0.11051011085510253900
                 -0.10798912495374679600
                 -0.10546901077032089200
                 -0.10294960439205169700
                 -0.10043081641197204600
                 -0.09791253507137298580
                 -0.09539494663476943970
                 -0.09287781268358230590
                 -0.09036122262477874760
                 -0.08784528821706771850
                 -0.08532983809709548950
                 -0.08281512558460235600
                 -0.08030040562152862550
                 -0.07778652012348175050
                 -0.07527288049459457400
                 -0.07275979220867156980
                 -0.07024709880352020260
                 -0.06773477047681808470
                 -0.06522302329540252680
                 -0.06271135061979293820
                 -0.06020026281476020810
                 -0.05768955871462821960
                 -0.05517898499965667720
                 -0.05266895145177841190
                 -0.05015933141112327580
                 -0.04764976352453231810
                 -0.04514048993587493900
                 -0.04274000599980354310
                 -0.04021116718649864200
                 -0.03768526017665863040
                 -0.03516230732202529910
                 -0.03264174237847328190
                 -0.03012359514832496640
                 -0.02760764583945274350
                 -0.02509338036179542540
                 -0.02258082292973995210
                 -0.02006975561380386350
                 -0.01755951531231403350
                 -0.01505045592784881590
                 -0.01254219189286231990
                 -0.01003444939851760860
                 -0.00752735324203968048
                 -0.00502035068348050117
                 -0.00251367827877402306
                 -0.00002312660217285156
                  0.00249924673698842525
                  0.00500602275133132935
                  0.00751270586624741554
                  0.01002004463225603100
                  0.01252762973308563230
                  0.01503603812307119370
                  0.01754508353769779210
                  0.02005514502525329590
                  0.02256640978157520290
                  0.02507897280156612400
                  0.02759327180683612820
                  0.03010921180248260500
                  0.03262735530734062190
                  0.03514761105179786680
                  0.03767071291804313660
                  0.04019656777381896970
                  0.04272552207112312320
                  0.04512599483132362370
                  0.04763510078191757200
                  0.05014479905366897580
                  0.05265463516116142270
                  0.05516445264220237730
                  0.05767517909407615660
                  0.06018588691949844360
                  0.06269695609807968140
                  0.06520853191614151000
                  0.06772026419639587400
                  0.07023268193006515500
                  0.07274527847766876220
                  0.07525853812694549560
                  0.07777208089828491210
                  0.08028605580329895020
                  0.08280032873153686520
                  0.08531536161899566650
                  0.08783084899187088010
                  0.09034693241119384770
                  0.09286319464445114140
                  0.09538054466247558590
                  0.09789799898862838740
                  0.10041619092226028400
                  0.10293521732091903700
                  0.10545462369918823200
                  0.10797455161809921300
                  0.11049553006887435900
                  0.11301711946725845300
                  0.11553945392370224000
                  0.11806220561265945400
                  0.12058620899915695200
                  0.12311059236526489300
                  0.12563611567020416300
                  0.12816275656223297100
                  0.13068976998329162600
                  0.13321807980537414500
                  0.13574707508087158200
                  0.13827757537364959700
                  0.14080871641635894800
                  0.14334093034267425500
                  0.14587438106536865200
                  0.14840918779373168900
                  0.15094494819641113300
                  0.15348218381404876700
                  0.15602062642574310300
                  0.15856060385704040500
                  0.16110190749168396000
                  0.16364462673664093000
                  0.16618895530700683600
                  0.16873495280742645300
                  0.17128226161003112800
                  0.17383161187171936000
                  0.17638258635997772200
                  0.17893527448177337600
                  0.18149007856845855700
                  0.18404670059680938700
                  0.18660537898540496800
                  0.18916609883308410600
                  0.19172891974449157700
                  0.19429406523704528800
                  0.19686135649681091300
                  0.19943128526210784900
                  0.20200344920158386200
                  0.20457805693149566600
                  0.20700313150882720900
                  0.20956481993198394800
                  0.21212810277938842800
                  0.21469247341156005900
                  0.21725873649120330800
                  0.21982619166374206500
                  0.22239531576633453400
                  0.22496567666530609100
                  0.22753773629665374800
                  0.23011130094528198200
                  0.23268659412860870400
                  0.23526327311992645300
                  0.23784174025058746300
                  0.24042189121246337900
                  0.24300365149974823000
                  0.24558700621128082300
                  0.24817228317260742200
                  0.25075921416282653800
                  0.25334820151329040500
                  0.25593858957290649400
                  0.25853118300437927200
                  0.26112517714500427200
                  0.26372146606445312500
                  0.26631954312324523900
                  0.26891955733299255400
                  0.27152156829833984400
                  0.27412566542625427200
                  0.27673172950744628900
                  0.27933967113494873000
                  0.28194975852966308600
                  0.28456208109855651900
                  0.28717660903930664100
                  0.28979316353797912600
                  0.29241210222244262700
                  0.29503294825553894000
                  0.29765632748603820800
                  0.30028176307678222700
                  0.30290988087654113800
                  0.30553996562957763700
                  0.30817264318466186500
                  0.31080767512321472200
                  0.31344506144523620600
                  0.31608498096466064500
                  0.31872725486755371100
                  0.32137221097946167000
                  0.32401987910270690900
                  0.32666993141174316400
                  0.32932251691818237300
                  0.33197772502899169900
                  0.33463585376739502000
                  0.33729627728462219200
                  0.33995971083641052200
                  0.34246116876602172800
                  0.34512087702751159700
                  0.34778302907943725600
                  0.35044768452644348100
                  0.35311502218246460000
                  0.35578483343124389600
                  0.35845720767974853500
                  0.36113199591636657700
                  0.36380964517593383800
                  0.36648994684219360300
                  0.36917275190353393500
                  0.37185832858085632300
                  0.37454655766487121600
                  0.37723755836486816400
                  0.37993136048316955600
                  0.38262796401977539100
                  0.38532736897468566900
                  0.38802948594093322800
                  0.39073467254638671900
                  0.39344245195388793900
                  0.39615339040756225600
                  0.39886727929115295400
                  0.40158408880233764600
                  0.40430399775505065900
                  0.40702670812606811500
                  0.40975251793861389200
                  0.41248157620429992700
                  0.41521346569061279300
                  0.41794869303703308100
                  0.42068690061569213900
                  0.42342847585678100600
                  0.42617291212081909200
                  0.42892083525657653800
                  0.43167182803153991700
                  0.43442654609680175800
                  0.43718394637107849100
                  0.43994495272636413600
                  0.44270941615104675300
                  0.44547703862190246600
                  0.44824835658073425300
                  0.45102271437644958500
                  0.45380058884620666500
                  0.45658224821090698200
                  0.45936715602874755900
                  0.46215558052062988300
                  0.46494781970977783200
                  0.46774345636367797800
                  0.47054272890090942400
                  0.47334548830986022900
                  0.47615206241607666000
                  0.47896236181259155300
                  0.48177635669708252000
                  0.48459434509277343700
                  0.48741585016250610300
                  0.49024087190628051800
                  0.49307030439376831000
                  0.49590322375297546400
                  0.49874010682106018100
                  0.50158107280731201200
                  0.50442582368850708000
                  0.50727486610412597700
                  0.51012772321701049800
                  0.51298457384109497100
                  0.51584559679031372100
                  0.51871073246002197300
                  0.52158010005950927700
                  0.52445363998413085900
                  0.52733153104782104500
                  0.53021341562271118200
                  0.53309994935989379900
                  0.53599035739898681600
                  0.53888553380966186500
                  0.54178500175476074200
                  0.54468905925750732400
                  0.54759770631790161100
                  0.55051058530807495100
                  0.55342823266983032200
                  0.55635058879852294900
                  0.55927747488021850600
                  0.56220901012420654300
                  0.56514543294906616200
                  0.56808680295944213900
                  0.57103294134140014600
                  0.57398408651351928700
                  0.57694000005722045900
                  0.57990097999572753900
                  0.58286696672439575200
                  0.58583813905715942400
                  0.58881443738937377900
                  0.59179615974426269500
                  0.59478294849395751900
                  0.59777504205703735300
                  0.60077261924743652300
                  0.60377568006515502900
                  0.60678398609161376900
                  0.60979801416397094700
                  0.61281764507293701200
                  0.61584293842315673800
                  0.61887401342391967800
                  0.62191051244735717800
                  0.62495315074920654300
                  0.62800151109695434600
                  0.63105601072311401400
                  0.63411635160446167000
                  0.63739269971847534200
                  0.64044463634490966800
                  0.64350348711013793900
                  0.64656949043273925800
                  0.64964270591735839800
                  0.65272295475006103500
                  0.65581101179122924800
                  0.65890645980834960900
                  0.66200941801071167000
                  0.66512036323547363300
                  0.66823911666870117200
                  0.67136549949645996100
                  0.67450010776519775400
                  0.67764252424240112300
                  0.68079322576522827100
                  0.68395167589187622100
                  0.68711817264556884800
                  0.69029265642166137700
                  0.69368958473205566400
                  0.69678068161010742200
                  0.69990879297256469700
                  0.70307588577270507800
                  0.70628470182418823200
                  0.70953631401062011700
                  0.71283012628555297800
                  0.71616595983505249000
                  0.71921139955520629900
                  0.72246432304382324200
                  0.72572606801986694300
                  0.72899711132049560500
                  0.73227709531784057600
                  0.73556643724441528300
                  0.73886549472808837900
                  0.74217438697814941400
                  0.74549329280853271500
                  0.74882227182388305700
                  0.75216144323348999000
                  0.75551104545593261700
                  0.75887078046798706000
                  0.76224130392074585000
                  0.76562207937240600600
                  0.76901370286941528300
                  0.77241605520248413100
                  0.77556341886520385700
                  0.77895557880401611300
                  0.78235685825347900400
                  0.78576731681823730500
                  0.78918707370758056600
                  0.79261630773544311500
                  0.79605495929718017600
                  0.79950296878814697300
                  0.80296075344085693400
                  0.80642819404602050800
                  0.80990535020828247100
                  0.81339234113693237300
                  0.81688946485519409200
                  0.82039642333984375000
                  0.82391345500946044900
                  0.82744061946868896500
                  0.83097815513610839800
                  0.83452594280242919900
                  0.83808428049087524400
                  0.84165281057357788100
                  0.84523212909698486300
                  0.84882217645645141600
                  0.85242319107055664100
                  0.85603475570678710900
                  0.85965740680694580100
                  0.86329090595245361300
                  0.86693561077117919900
                  0.87059181928634643500
                  0.87425905466079711900
                  0.87793797254562377900
                  0.88162845373153686500
                  0.88533061742782592800
                  0.88904488086700439400
                  0.89277076721191406200
                  0.89650887250900268500
                  0.90025937557220459000
                  0.90402209758758544900
                  0.90779739618301391600
                  0.91158533096313476600
                  0.91538655757904052700
                  0.91920059919357299800
                  0.92302805185317993200
                  0.92686891555786132800
                  0.93072336912155151400
                  0.93459177017211914100
                  0.93847441673278808600
                  0.94237107038497924800
                  0.94628250598907470700
                  0.95020848512649536100
                  0.95414954423904418900
                  0.95810562372207641600
                  0.96207726001739501900
                  0.96633434295654296900
                  0.97027248144149780300
                  0.97423195838928222700
                  0.97821527719497680700
                  0.98222404718399047800
                  0.98626112937927246100
                  0.99032884836196899400
                  0.99443024396896362300
                  0.99856686592102050800
                  1.00273871421813965000
                  1.00694584846496582000
                  1.01118838787078857000
                  1.01546633243560791000
                  1.01939988136291504000
                  1.02362489700317383000
                  1.02786874771118164000
                  1.03213155269622803000
                  1.03641355037689209000
                  1.04071485996246338000
                  1.04503607749938965000
                  1.04937684535980225000
                  1.05373764038085937000
                  1.05811870098114014000
                  1.06252014636993408000
                  1.06694209575653076000
                  1.07138466835021973000
                  1.07584846019744873000
                  1.08033287525177002000
                  1.08483862876892090000
                  1.08936583995819092000
                  1.09391450881958008000
                  1.09848511219024658000
                  1.10307753086090088000
                  1.10769248008728027000
                  1.11233019828796387000
                  1.11699068546295166000
                  1.12167477607727051000
                  1.12638306617736816000
                  1.13111591339111328000
                  1.13587439060211182000
                  1.14065921306610107000
                  1.14547157287597656000
                  1.15072834491729736000
                  1.15481448173522949000
                  1.16008615493774414000
                  1.16502022743225098000
                  1.16998660564422607000
                  1.17498600482940674000
                  1.18001782894134521000
                  1.18508243560791016000
                  1.19017994403839111000
                  1.19530916213989258000
                  1.20046997070312500000
                  1.20566105842590332000
                  1.21088147163391113000
                  1.21612870693206787000
                  1.22140133380889893000
                  1.22669625282287598000
                  1.23201107978820801000
                  1.23734176158905029000
                  1.24268388748168945000
                  1.24815058708190918000
                  1.25341165065765381000
                  1.25884068012237549000
                  1.26432847976684570000
                  1.26988291740417480000
                  1.27551233768463135000
                  1.28122615814208984000
                  1.28703463077545166000
                  1.29294884204864502000
                  1.29897964000701904000
                  1.30513966083526611000
                  1.31053960323333740000
                  1.31649482250213623000
                  1.32250833511352539000
                  1.32858490943908691000
                  1.33472979068756104000
                  1.34094953536987305000
                  1.34724974632263184000
                  1.35363888740539551000
                  1.35946202278137207000
                  1.36582970619201660000
                  1.37226235866546631000
                  1.37876367568969727000
                  1.38533747196197510000
                  1.39198923110961914000
                  1.39872431755065918000
                  1.40554881095886230000
                  1.41186785697937012000
                  1.41872560977935791000
                  1.42566037178039551000
                  1.43267643451690674000
                  1.43977868556976318000
                  1.44697237014770508000
                  1.45426297187805176000
                  1.46165823936462402000
                  1.46849215030670166000
                  1.47595226764678955000
                  1.48350870609283447000
                  1.49116742610931396000
                  1.49893414974212646000
                  1.50681650638580322000
                  1.51423406600952148000
                  1.52222824096679687000
                  1.53033542633056641000
                  1.53856253623962402000
                  1.54691708087921143000
                  1.55540823936462402000
                  1.56342399120330811000
                  1.57206749916076660000
                  1.58084893226623535000
                  1.58977854251861572000
                  1.59886550903320312000
                  1.60750353336334228000
                  1.61679053306579590000
                  1.62624311447143555000
                  1.63587367534637451000
                  1.64512801170349121000
                  1.65501117706298828000
                  1.66508567333221436000
                  1.67536664009094238000
                  1.68528437614440918000
                  1.69587576389312744000
                  1.70669651031494141000
                  1.71776437759399414000
                  1.72842395305633545000
                  1.73987495899200439000
                  1.75160753726959229000
                  1.76296961307525635000
                  1.77516090869903564000
                  1.78768169879913330000
                  1.79982471466064453000
                  1.81289851665496826000
                  1.82569599151611328000
                  1.83940303325653076000
                  1.85290205478668213000
                  1.86733615398406982000
                  1.88160610198974609000
                  1.89688038825988770000
                  1.91201353073120117000
                  1.92767167091369629000
                  1.94438791275024414000
                  1.96109819412231445000
                  1.97843015193939209000
                  1.99642312526702881000
                  2.01570034027099609000
                  2.03516650199890137000
                  2.05549120903015137000
                  2.07676291465759277000
                  2.09843897819519043000
                  2.12188076972961426000
                  2.14603137969970703000
                  2.17220878601074219000
                  2.19943952560424805000
                  2.22856235504150391000
                  2.25988507270812988000
                  2.29313564300537109000
                  2.32944726943969727000
                  2.36882567405700684000
                  2.41276311874389648000
                  2.46187043190002441000
                  2.51727485656738281000
                  2.58180761337280273000
                  2.65958762168884277000
                  2.75772833824157715000
                  2.89246201515197754000
                  3.11826896667480469000
                  0.00000000000000000000

